Sentence: I like apples.
Embedding: [-7.95682054e-03  4.39061597e-03  2.02515651e-03  4.47826236e-02
 -4.11381796e-02 -1.17856059e-02  9.93527919e-02 -1.49924867e-02
  3.28452513e-02  2.80843470e-02  3.82004865e-02 -3.95743623e-02
  3.20649557e-02 -1.52864493e-02  3.38637903e-02  7.11712241e-03
  6.39917701e-02 -4.05894890e-02 -4.73222546e-02 -1.12335300e-02
 -7.96146914e-02  7.19405040e-02  5.19621745e-02 -1.93749797e-02
  9.35397577e-04  4.32007909e-02  1.97203457e-02 -3.00486330e-02
 -8.23600888e-02 -3.70824300e-02 -5.02395071e-02  1.10583436e-02
  2.05313787e-02  1.45488279e-02 -3.76088955e-02  1.48733435e-02
  1.00732073e-01 -3.48994397e-02 -2.48851757e-02 -1.85873471e-02
  1.62232888e-03  5.87751083e-02  5.86785898e-02  5.20197637e-02
 -5.73277436e-02 -1.06776366e-02  3.00520044e-02 -4.60933261e-02
  9.38398391e-02  5.82442246e-02  6.42052442e-02 -9.02712287e-04
 -4.48685959e-02 -4.85506356e-02  2.50208117e-02  1.63765252e-02
  3.54199409e-02  1.07522700e-02  3.66706587e-02 -8.56664311e-03
  6.44985437e-02 -6.64127469e-02 -2.16227882e-02  3.16197239e-02
  3.11860349e-02 -5.80637082e-02 -5.10279387e-02 -1.47818830e-02
 -3.92719954e-02 -3.77452141e-03  1.33345313e-02  7.08278567e-02
  8.06903020e-02  7.42031559e-02 -2.48523671e-02  2.60436032e-02
  7.40700513e-02 -5.30311950e-02 -5.34930266e-02  4.62422669e-02
 -5.98251037e-02 -3.38418558e-02 -3.89236324e-02  2.63308100e-02
 -1.59948468e-02 -4.06209230e-02 -2.47382633e-02  4.94545093e-03
 -7.16477931e-02  4.21851724e-02 -1.04101859e-02 -4.87391371e-03
  1.36834057e-03  4.31080312e-02  5.23644732e-03  2.03228649e-02
  4.41400595e-02 -3.37696895e-02 -5.22914007e-02  1.01654544e-01
  1.72675587e-02  2.38375925e-02 -1.06315296e-02  3.22594866e-02
  4.65895943e-02  5.80199482e-03 -1.41940311e-01 -5.22535555e-02
  4.45925863e-03  2.28152554e-02  9.62113123e-03 -3.47689465e-02
 -7.18548223e-02  6.83329115e-03  2.57430021e-02  2.87465807e-02
  4.58322316e-02  1.76816657e-02  3.06721851e-02 -2.73672920e-02
  1.64706986e-02  8.92101750e-02 -2.82263756e-02 -1.55526139e-02
 -4.48254496e-02 -2.24769544e-02  5.56439161e-02 -7.56349138e-33
 -1.06929466e-01 -9.81792901e-03  3.78628597e-02 -1.49712712e-02
  1.24509595e-02 -2.86071212e-03  3.18127871e-02  6.61913380e-02
  5.28882891e-02 -1.33967912e-02 -3.69477719e-02  4.72652130e-02
 -7.10223168e-02 -2.68199621e-03  7.54717663e-02 -5.83819151e-02
  2.85377423e-03  2.46623196e-02 -7.86184520e-02 -3.68125960e-02
 -4.86266576e-02 -2.64820736e-02 -3.42226326e-02  5.55685461e-02
 -4.91382405e-02 -1.24139398e-01  8.72574225e-02 -8.81927833e-02
  9.05497745e-02  1.55742466e-02  3.64265330e-02  3.06866691e-02
  6.59240875e-03 -6.14060797e-02 -2.82258913e-02 -1.16784573e-02
  5.40643372e-02  4.59153168e-02  1.67714264e-02  4.06575166e-02
 -4.46104705e-02  3.92371491e-02  5.82918525e-02  6.99916333e-02
  1.03775106e-01  1.87850874e-02  4.65379283e-02  4.94651087e-02
 -4.58028130e-02 -6.16222760e-03 -7.07262978e-02 -4.45878878e-02
  8.41802955e-02  8.26319680e-02 -3.51773836e-02  3.73748913e-02
  2.22036168e-02  2.87808757e-02 -7.00494498e-02  4.81752492e-03
 -9.05458778e-02  6.44337162e-02  3.06407623e-02  1.54513842e-03
 -9.71338153e-02  1.32508740e-01 -4.22876552e-02 -3.54632526e-03
 -1.34099731e-02  4.19879891e-02 -6.31242692e-02  3.45252827e-02
 -1.77879706e-02  3.91390268e-03 -1.12651818e-01 -7.82364681e-02
  3.20525318e-02 -1.90273318e-02 -2.52448153e-02 -3.86780649e-02
 -9.16660298e-03 -5.36311828e-02 -2.22030450e-02 -1.63613074e-02
  3.90280895e-02  8.69279280e-02 -6.09557033e-02 -4.13707308e-02
  6.51233345e-02 -4.47481759e-02 -1.47647420e-02  1.66484378e-02
  5.84905967e-02 -7.33035617e-03 -1.43008605e-01  6.41545217e-33
 -1.33922463e-02 -9.84060690e-02  6.61708880e-03  2.75039990e-02
 -3.32748741e-02 -6.92822188e-02 -9.52283889e-02  1.40951984e-02
 -6.00336418e-02 -7.04120845e-03 -1.54355709e-02 -1.41820032e-02
 -3.31535973e-02 -8.01030360e-03  9.50737018e-03  2.39686966e-02
  5.34258969e-03  8.10866356e-02 -1.16793765e-02  3.79538490e-03
 -1.63894314e-02  2.50132531e-02 -1.21235764e-02  1.25131132e-02
  2.86865570e-02 -2.27138791e-02 -4.51876633e-02  1.38606960e-02
 -3.07420567e-02  6.84509277e-02  4.11277823e-02 -1.42381191e-01
 -5.78315780e-02 -7.58125633e-02  5.80511503e-02  2.06637178e-02
 -8.55734944e-02 -8.30615237e-02  1.78673975e-02  3.10842507e-02
  1.08536426e-02 -9.64547973e-03  3.14371400e-02  9.71587524e-02
  4.03761677e-02  8.95848125e-02 -1.02217030e-02  8.45184848e-02
  6.04519546e-02  5.10571375e-02 -3.14105526e-02  3.95758497e-03
 -7.38928169e-02 -7.47456856e-04  1.56304166e-02 -4.71321587e-03
 -1.30687999e-02  2.21540295e-02 -4.94127981e-02 -4.16980349e-02
 -7.96580687e-02  5.75232618e-02  1.40442559e-02  1.31870387e-02
  3.30306515e-02 -2.30763778e-02 -3.96256633e-02 -8.60842317e-02
 -6.74081668e-02  1.24327494e-02  2.44817995e-02 -5.76021448e-02
 -5.18347956e-02 -4.43094112e-02 -3.57255377e-02 -2.70223208e-02
 -4.91789076e-03  4.45640124e-02 -1.06198996e-01  1.21597890e-02
  1.40722105e-02  1.07208498e-01 -2.86922976e-02  8.81066248e-02
  8.93273354e-02  4.89729084e-02  5.81684755e-03 -4.94551612e-03
 -4.82989401e-02  6.75801486e-02  2.41291467e-02  7.63504161e-03
  6.68937666e-03 -3.45130004e-02 -2.78325789e-02 -1.58267568e-08
 -5.26153967e-02 -1.62748657e-02  8.91040936e-02 -4.08039021e-04
  1.53743709e-02  8.70464966e-02 -1.26184523e-01  4.50120158e-02
  1.34735517e-02 -6.01930805e-02  5.19592836e-02  8.49388912e-02
 -1.26265898e-01  7.14802146e-02  7.09426776e-02  7.53845461e-03
  5.72820194e-02 -2.28887517e-02  2.44907336e-03  6.99302629e-02
 -9.41895172e-02  4.77777384e-02 -4.07447107e-03  5.45495152e-02
 -1.40673453e-02  4.55940031e-02 -6.40094327e-03 -2.30109263e-02
  6.50961250e-02  1.06723823e-01  4.21458855e-02  4.29828092e-02
 -8.22936147e-02  6.58483133e-02 -8.98227841e-03 -5.28123602e-02
 -1.63855199e-02  6.00289740e-03 -1.75126549e-02 -6.36532232e-02
 -5.38827777e-02  5.08347573e-03 -1.37615576e-02 -8.54133740e-02
 -7.07074255e-02 -1.38766021e-02  5.80858625e-02 -2.15917286e-02
 -3.56483692e-03  8.85962397e-02  4.79116589e-02  1.54987033e-02
  9.47961658e-02  8.30873474e-02  5.33135198e-02 -2.12074537e-02
  2.45794635e-02 -7.76007399e-02  1.45956045e-02  7.17518926e-02
  9.50413421e-02  5.26127815e-02  9.20427218e-02  1.49296345e-02]

Sentence: I love eating apples.
Embedding: [ 4.05989476e-02  4.17327695e-03  3.65555435e-02  6.05515502e-02
 -4.12857533e-02 -4.07163799e-02  9.56243724e-02 -4.29404490e-02
  1.94053426e-02  4.17332165e-02  1.12334872e-02 -8.03701952e-02
  1.93070211e-02  1.42865563e-02  2.73098461e-02 -3.89435254e-02
  6.20361120e-02 -4.22655372e-03 -2.56592240e-02 -1.31646376e-02
 -6.66598901e-02  7.08396211e-02  3.37520018e-02 -2.08647531e-02
  1.70020033e-02  4.45834212e-02  5.76262921e-02 -2.98962593e-02
 -1.03728846e-01 -2.63979081e-02 -3.19232866e-02 -1.02600977e-02
  3.16254348e-02  4.01872247e-02 -5.73191978e-02  1.00913015e-03
  1.59059539e-01 -1.07362084e-01 -1.70168187e-02 -1.12079980e-03
  9.62563232e-03  8.49018097e-02  4.09866087e-02  3.98630798e-02
 -6.55236021e-02  1.20248199e-02  4.48100502e-03 -1.30212437e-02
  9.68217477e-02  4.65229563e-02  1.93629619e-02  1.23478714e-02
 -2.95521487e-02 -3.20954323e-02  6.22291528e-02  3.57711650e-02
  4.76998016e-02 -3.60443145e-02 -8.91372282e-03  1.99145041e-02
  7.37252980e-02 -2.14707814e-02 -4.08140756e-03  1.38373300e-02
  2.33810246e-02 -4.82520238e-02 -3.91505510e-02 -1.00084916e-02
 -7.37044811e-02 -1.61405131e-02 -2.84589399e-02  5.60178570e-02
  8.49827677e-02  3.80693488e-02 -2.43363194e-02  2.62250826e-02
  7.49021247e-02 -8.90074745e-02 -5.86938150e-02 -1.30756740e-02
 -4.90629598e-02 -1.06345238e-02  1.79110467e-02 -2.61462573e-03
 -2.17951555e-02 -5.14756031e-02 -2.95723714e-02  8.99251923e-03
 -3.03710885e-02  6.94168210e-02 -5.24255028e-03 -2.61859782e-02
 -3.85528766e-02  3.33351158e-02 -8.12736806e-03 -3.51469293e-02
  2.67200358e-02 -7.89383501e-02 -5.10715954e-02  8.60935748e-02
 -2.89643407e-02  1.96382347e-02  9.99020413e-03  3.51851359e-02
 -2.36844574e-03  1.50699215e-02 -1.66846812e-01  1.27797155e-03
  4.55098450e-02  2.24261973e-02  3.75753194e-02 -9.33197699e-03
 -2.02451553e-02  1.99616216e-02  1.72186717e-02  3.27447057e-02
  3.95817868e-02 -7.97935948e-03  3.64503264e-02  1.17952097e-02
 -6.84790546e-03  1.05184786e-01 -3.66266482e-02  3.77782551e-03
  4.25654463e-03 -6.35426044e-02  3.42669971e-02 -6.49534171e-33
 -1.16363153e-01 -5.28963022e-02  6.03551380e-02 -1.40713975e-02
  1.90882646e-02 -2.61397343e-02  2.52210591e-02  7.76757374e-02
  8.80689770e-02 -7.39990640e-03 -4.23533879e-02 -1.73920989e-02
 -1.95218138e-02 -2.44918168e-02  3.68406950e-03 -6.12449124e-02
 -3.13448198e-02  4.71362770e-02 -2.63272170e-02 -1.12163629e-02
 -1.37985852e-02 -9.28969607e-02  1.84895893e-04  6.19913973e-02
 -6.56419098e-02 -6.89486712e-02  2.39353403e-02 -1.18503354e-01
  9.23523754e-02  1.33340675e-02  3.42019238e-02 -6.90111052e-03
 -3.77727896e-02 -6.21192567e-02 -1.52180595e-02 -3.82287875e-02
  3.55002247e-02  3.91036756e-02 -1.46361543e-02  3.09318006e-02
  2.70888116e-03  2.71646287e-02  7.77422935e-02  3.26971449e-02
  5.54034859e-02  5.93670132e-03  7.52335275e-03  8.46595243e-02
 -8.66677705e-03 -2.72701550e-02 -5.59915975e-02 -3.65448855e-02
  8.25456679e-02  3.84391546e-02  2.69001140e-03  4.36717598e-03
  1.61839686e-02 -4.36656997e-02 -8.51452947e-02  2.19951402e-02
 -7.40965456e-02  3.93022858e-02  2.23998912e-03  2.45578438e-02
 -9.24083889e-02  1.04643479e-01 -1.45616559e-02 -3.71610448e-02
 -1.83659885e-03  4.71679494e-02 -4.63258810e-02  2.12401468e-02
 -6.22955896e-03 -1.91074386e-02 -1.04718812e-01 -1.03729129e-01
  6.09503277e-02 -4.39885482e-02 -4.59097885e-02 -1.65168685e-03
  3.09339594e-02  7.88842700e-03  7.50449067e-03 -4.26983135e-03
  4.27454859e-02  1.07060403e-01 -6.56876490e-02 -7.30550066e-02
  9.86227468e-02  1.78216714e-02  3.89454663e-02 -5.89090399e-03
  1.14831571e-02 -3.08865048e-02 -1.43390030e-01  5.59118562e-33
  1.34821692e-02 -6.40515462e-02 -1.01649398e-02  2.39669848e-02
 -1.24536622e-02 -6.84088096e-02 -1.04226790e-01  2.36913133e-02
 -4.46508378e-02 -3.71354748e-03 -2.99750976e-02 -2.19962634e-02
 -1.89445785e-03 -9.46307462e-03 -5.73014515e-03  2.44670529e-02
 -4.07241751e-03  9.01329964e-02 -1.89215560e-02  2.14517657e-02
 -5.55928424e-02  1.94685310e-02  1.21792022e-03  2.51945015e-02
 -2.77707586e-03 -3.02021578e-02  1.85505226e-02  4.16267253e-02
  6.65127859e-03  5.03003299e-02  5.30708283e-02 -5.10237031e-02
 -5.84866777e-02 -1.34053648e-01  5.17665036e-02  3.86718400e-02
 -8.28841478e-02 -5.72835766e-02  7.42469216e-03  3.30323316e-02
  3.66574079e-02  3.62377651e-02  3.71924117e-02  1.15957610e-01
  3.74820791e-02  8.72617438e-02  3.05090714e-02  4.79288213e-02
 -1.13063601e-04  5.65979853e-02 -3.49754803e-02 -2.90513523e-02
 -5.97511679e-02 -2.09891945e-02  3.49784642e-02  4.95358817e-02
  4.39671613e-02  5.56527311e-03 -4.52607647e-02 -8.29726309e-02
 -1.14892505e-01  4.93401289e-02  2.28284672e-02  4.63204645e-03
  7.93856382e-02 -2.42963620e-02 -4.32082638e-03 -6.15301169e-02
 -6.55046254e-02  6.85044285e-03 -2.03429554e-02 -2.73302235e-02
 -5.69090173e-02 -3.13265212e-02 -4.06804234e-02 -2.78476421e-02
  9.60800424e-03  1.62102189e-02 -9.38923880e-02  6.55142441e-02
  4.21016768e-04  1.31117195e-01  2.87149996e-02  9.25522596e-02
  5.21652922e-02  5.51673733e-02 -2.11060047e-02  2.84515824e-02
 -7.20472336e-02  3.57718170e-02 -2.38555633e-02 -8.95352382e-03
  3.59416590e-03 -4.59708460e-02  2.30480526e-02 -1.53267550e-08
 -4.56088632e-02 -2.15395521e-02  4.83400933e-03 -3.75088416e-02
  1.56378280e-02  5.48899658e-02 -4.58744504e-02  1.66288931e-02
  8.68450478e-03 -4.50025871e-02  2.37338413e-02  1.00574329e-01
 -7.16856867e-02  7.36853406e-02  5.83722703e-02  3.29961209e-03
  1.28760755e-01  8.57655599e-04 -9.53525957e-03  4.10502702e-02
 -9.52753201e-02  3.46128903e-02  1.19750376e-03  2.80522332e-02
 -4.24671024e-02  3.60352211e-02 -2.87222527e-02 -4.97122901e-03
  1.07889347e-01  4.27408032e-02  5.13228029e-02  2.72518899e-02
 -7.74115473e-02  4.95977737e-02  7.07763014e-03 -5.41123487e-02
 -1.87385399e-02  1.17557272e-02 -1.22678299e-02 -8.06159899e-02
 -6.66323453e-02 -2.00234521e-02  6.27080072e-03 -4.71934527e-02
 -1.23730190e-01  1.91330761e-02  5.34556322e-02  3.86097729e-02
  3.29319462e-02  1.03465766e-01  2.18628417e-03  2.68627796e-02
  1.05681993e-01  9.87633765e-02  3.11440676e-02 -6.51597092e-03
  5.12478277e-02 -1.13454454e-01  4.28825542e-02  9.30440649e-02
  1.15703605e-01  5.21410815e-02  2.03072634e-02 -2.83499621e-02]

Sentence: I am going to school.
Embedding: [ 1.50500694e-02 -1.70542728e-02  5.39573729e-02  7.27483481e-02
  2.82022655e-02 -4.45775688e-03 -2.56497390e-03  3.96370776e-02
  1.37456609e-02  3.27292159e-02  3.08167115e-02  1.41128553e-02
 -6.07980415e-02  1.02848019e-02  2.94435732e-02 -1.17526222e-02
  4.24759500e-02 -1.71132421e-03 -3.20550762e-02 -7.84219429e-02
  7.28948833e-03  5.36870137e-02 -2.10267957e-02  7.28725344e-02
  1.49005651e-02  1.07776351e-01 -2.10090056e-02 -8.81913900e-02
 -9.63826384e-03  7.23105448e-04 -1.27214253e-01 -2.44610570e-02
 -3.04284226e-02 -6.22560130e-03 -2.94392183e-02  1.31705273e-02
  1.48685694e-01 -4.40588817e-02  3.63761857e-02  8.24282467e-02
 -2.00493615e-02 -1.95306763e-02  3.84857580e-02  7.21837953e-02
  5.08446395e-02  2.13669408e-02 -3.40966955e-02  2.86765979e-03
  9.41343084e-02  2.31864434e-02  1.06025452e-03  2.75613442e-02
 -2.81773359e-02  2.89473608e-02 -1.48240384e-02 -9.54454951e-03
 -3.65956910e-02 -9.40108001e-02  5.02257496e-02 -4.43108305e-02
 -4.74603325e-02 -2.86282375e-02 -8.76002610e-02  9.99080166e-02
 -7.96539057e-03  3.35782813e-03 -3.15880701e-02  6.99103773e-02
 -2.96922401e-02  1.16418056e-01 -2.56866142e-02  1.82398017e-02
  3.72070745e-02  4.83567864e-02  5.01565188e-02 -1.77023355e-02
  4.81564365e-02  1.69633236e-02  1.18923880e-01 -3.27303000e-02
 -2.19931118e-02 -5.55590577e-02 -1.47827677e-02 -5.52872606e-02
  3.88683379e-02 -1.55156199e-03  2.73432564e-02  8.98447484e-02
 -1.95649434e-02 -1.43355997e-02  1.92490872e-02 -1.76691692e-02
 -6.80004954e-02  5.86117394e-02 -4.00961749e-02  3.18380930e-02
 -4.14820649e-02 -6.79130256e-02  1.08514046e-02  9.64327976e-02
  5.33979423e-02  7.13456571e-02  5.92681095e-02 -2.39050500e-02
 -3.40095460e-02 -4.37612459e-02  2.49247602e-03  3.31650227e-02
  9.59607400e-03 -4.38713431e-02  5.43884113e-02 -7.46871904e-03
  5.78088174e-03  8.74320697e-03  2.39285501e-03  9.19661149e-02
  8.83454010e-02  2.98754480e-02  8.02645683e-02  4.70071808e-02
  1.26595590e-02  2.01365817e-02  2.74972301e-02 -2.81306393e-02
 -9.17717144e-02 -8.95030722e-02 -4.28677090e-02 -5.34697703e-33
  2.10858081e-02  1.34326518e-02  9.29495990e-02  8.90648067e-02
 -2.96577923e-02 -6.96130767e-02  3.72943729e-02 -2.83527486e-02
 -3.69559079e-02  2.19196174e-02  2.81648077e-02 -3.13755535e-02
 -4.94199842e-02  4.97654127e-03  4.16777469e-02  6.03431016e-02
 -9.23762992e-02  7.03482777e-02 -5.18641211e-02  6.12204671e-02
 -3.53781227e-03 -4.13448513e-02 -2.50695869e-02  1.79688726e-02
 -4.80612405e-02 -6.60300301e-03 -5.96022457e-02 -5.76408841e-02
  1.24669857e-02  3.34786884e-02 -2.47069518e-03  2.79508755e-02
 -1.08200029e-01  3.23089003e-03 -1.07452329e-02 -6.92751557e-02
 -2.26604436e-02 -4.14271690e-02 -1.21172974e-02 -2.86566820e-02
  8.61932188e-02 -1.91600397e-02  3.19419019e-02  5.77515690e-03
  5.84818833e-02 -7.47067563e-04 -9.13067535e-03  2.31168065e-02
  4.32919711e-02 -4.00643907e-02 -7.32405931e-02 -4.21161577e-02
 -8.66869166e-02 -1.34740397e-01 -1.59883592e-02  8.53696093e-03
  3.58568318e-02  1.81915071e-02  4.71839570e-02 -2.64872685e-02
 -1.58777311e-02  9.70290452e-02 -6.72272071e-02 -6.92497939e-02
 -5.41024469e-02  5.83367087e-02 -5.52272499e-02  5.22377305e-02
  1.17993243e-01 -1.06016159e-01  3.09895666e-04 -1.48983765e-02
 -3.20096239e-02  2.96540670e-02  3.08998022e-02  3.80303264e-02
  1.81699749e-02 -1.14748187e-01 -1.64667554e-02  5.05195409e-02
  7.22499713e-02 -3.38642634e-02  1.49863148e-02 -1.41176744e-03
  4.50132936e-02  3.96241844e-02 -3.66725773e-02 -6.37873113e-02
 -2.16546189e-02 -3.34070101e-02 -5.52082360e-02  2.36645597e-03
  1.35659287e-02  5.50907068e-02 -9.49726850e-02  1.91413165e-33
  4.42475826e-02  4.06121612e-02 -6.74596429e-02  1.98232383e-02
 -3.01838089e-02 -4.89805974e-02  2.91347578e-02  2.18633767e-02
  1.86529569e-02 -1.25857573e-02 -2.73868144e-02 -1.00760313e-03
  9.49351043e-02  1.42732086e-02  8.23242664e-02 -4.56138179e-02
  5.07096834e-02  4.51373532e-02 -3.89654487e-02 -1.59201548e-02
 -1.31090492e-01  3.55225950e-02 -5.97146675e-02  2.56376527e-02
  1.53617077e-02 -2.35378649e-02  9.65385232e-03 -4.70732804e-03
 -6.82221800e-02  5.16630188e-02  4.13616709e-02 -9.43043754e-02
 -3.07849403e-02 -4.00613733e-02 -5.08470200e-02  9.66860950e-02
  3.06042023e-02  1.39246481e-02  6.00527273e-03 -8.69602803e-03
  7.28963763e-02 -5.83204366e-02  3.56367826e-02  1.28551126e-01
  1.44041199e-02  3.90500575e-02 -3.87414768e-02  6.14337251e-02
 -1.09836981e-02  6.27347976e-02 -2.56499648e-02  7.23295566e-03
 -4.87307124e-02 -3.16163339e-02  4.52979989e-02 -4.08555232e-02
 -2.14915406e-02 -6.94682673e-02 -4.43963967e-02  8.28775764e-03
 -1.72571480e-01  6.59998879e-03 -4.64453623e-02  6.43489808e-02
  2.41961852e-02 -4.25443053e-02 -8.12789276e-02  1.49398018e-02
 -5.67818880e-02  8.82050954e-03  5.62793799e-02  6.22454062e-02
 -6.11704290e-02 -4.84938920e-02 -2.90350709e-02 -4.99796718e-02
  1.15147002e-01  5.05153425e-02 -1.31706623e-02 -7.07865879e-03
  3.55647579e-02 -2.54399776e-02 -2.64419802e-02 -1.10920267e-02
 -9.33455229e-02 -3.94165292e-02  5.63272499e-02  3.94977406e-02
  3.79976295e-02 -2.31357943e-02 -9.15049165e-02  8.55260808e-03
 -2.19605733e-02 -3.65436859e-02 -5.16399182e-03 -1.87056521e-08
  4.03611138e-02  1.99651308e-02  1.79591849e-02 -4.37302329e-03
 -2.77781002e-02  2.98322495e-02 -3.18494476e-02 -5.43976156e-03
  2.31208466e-02  2.40017772e-02  1.81089863e-02 -2.44886354e-02
 -5.05116582e-02 -7.44982809e-02  9.94846895e-02  6.62926361e-02
  8.52528065e-02 -2.17655953e-03 -2.20170803e-03 -5.15378825e-03
 -8.25473070e-02 -4.53784727e-02  6.05338775e-02  3.30160186e-02
  3.51595618e-02  5.75746633e-02  1.11842610e-01  8.61745253e-02
  1.82897840e-02  3.67987417e-02 -2.58462480e-03  5.49658537e-02
 -5.51757924e-02 -8.54769796e-02 -3.73796932e-02 -2.85376105e-02
 -1.98228788e-02 -1.03365257e-01  9.03669000e-02 -3.97400558e-02
 -1.30388746e-02 -2.58464459e-02  1.89741831e-02  5.06926030e-02
  2.64461450e-02  5.24722449e-02  5.53338695e-03 -7.84650818e-02
 -4.59621586e-02  2.01510619e-02 -1.11817466e-02 -7.48679936e-02
  6.69315308e-02 -3.29848528e-02 -1.02355471e-02 -1.30445957e-02
 -5.11071086e-02 -6.22535273e-02 -3.40390950e-02 -1.15765762e-02
  1.08102493e-01  2.47089285e-02 -1.58271436e-02 -2.72991322e-02]

Sentence: I go to college every day.
Embedding: [ 2.07680240e-02 -1.42684318e-02  5.20220548e-02  5.02269529e-02
  2.43759006e-02 -6.45946711e-02  6.00949042e-02 -2.42571291e-02
  4.68911156e-02  2.08931752e-02  1.79599952e-02  2.77719535e-02
 -2.84745470e-02  8.62301514e-02  3.41196172e-02 -5.73864765e-02
 -1.28451318e-01 -4.96594310e-02 -3.05257458e-02 -6.66871890e-02
 -1.14991620e-01 -9.24540311e-03 -7.81032024e-03  3.92727479e-02
  2.28538197e-02  6.94499910e-02  2.86654336e-03 -5.09971194e-02
 -7.38870427e-02 -2.10984740e-02 -5.18407449e-02  4.13749516e-02
 -3.65109332e-02 -9.04533721e-04  5.00564836e-03 -9.31636151e-03
  3.42362896e-02  2.08967347e-02  4.77034450e-02  5.88169955e-02
 -1.32097984e-02  4.16705124e-02  9.69972610e-02  7.08916709e-02
 -3.53392996e-02 -7.60820732e-02 -1.58784799e-02 -4.72478159e-02
  9.36348662e-02  1.86884217e-02  1.54779730e-02  2.23434865e-02
 -4.02809419e-02  1.53015833e-02  1.69935599e-02  8.53471160e-02
  8.79410596e-04  2.20642984e-02  2.86016855e-02  2.20790934e-02
 -2.31437143e-02  3.03068012e-02 -1.20274229e-02  2.80554984e-02
  1.13215744e-02  8.75682905e-02 -4.20387089e-02  4.00005989e-02
  4.17720303e-02  9.04180780e-02 -3.36153172e-02  5.54858074e-02
 -2.11272426e-02  2.98451539e-02  1.35968298e-01  4.59986739e-02
  2.91332155e-02 -1.09689729e-02  7.05653429e-02  6.41969889e-02
  3.29892300e-02 -2.48791929e-03 -1.89751498e-02 -1.13675408e-02
  5.39104380e-02 -4.84425910e-02 -5.48207713e-03  3.75181288e-02
  4.10661008e-03 -1.79034583e-02  2.71665230e-02 -8.67021009e-02
 -6.05315231e-02  1.02365194e-02 -6.69276863e-02 -2.82941945e-02
 -4.25507762e-02 -1.15759084e-02  5.32158762e-02  1.01937562e-01
 -5.55522181e-02  6.50755083e-03  9.24118906e-02  2.88994461e-02
 -3.64883663e-03  3.97178717e-02  2.32485402e-03  4.21877913e-02
  2.72858534e-02 -3.88264246e-02  2.57843430e-03  6.18488714e-02
  6.53151772e-04 -2.87639629e-02 -5.11759780e-02  3.35374363e-02
  4.11851779e-02  8.79684091e-03  2.25968715e-02  1.06815070e-01
 -3.34509164e-02  6.67775571e-02  1.29874265e-02 -4.97517139e-02
 -6.76029325e-02 -9.45686474e-02 -8.14707112e-03 -3.87674731e-33
 -1.44244088e-02  8.96612182e-03  4.39496450e-02  8.16858560e-02
 -8.72343481e-02 -2.52899174e-02 -3.88585255e-02  3.77802998e-02
 -1.46218929e-02 -2.24771872e-02  5.84779270e-02  5.05021252e-02
 -3.46680358e-02  9.68647003e-02  5.78902066e-02  6.32707253e-02
 -6.77663237e-02  8.50935876e-02 -2.31298767e-02  6.77243993e-03
  8.74641389e-02 -5.70277087e-02 -1.37365586e-03  1.79793034e-02
 -3.36952806e-02 -8.10239986e-02  1.62112676e-02 -2.35007424e-02
  4.92789298e-02 -1.05502475e-02  8.40730667e-02  4.96654958e-02
 -1.94796547e-02 -4.30599302e-02  3.19431908e-02 -6.11857772e-02
  5.63282631e-02  3.88001576e-02 -4.41845134e-02 -2.38429382e-02
 -6.93366025e-03 -5.35040498e-02  9.27248504e-03  4.42093750e-03
  6.76520616e-02 -1.16231982e-02  7.23309889e-02 -3.89981940e-02
 -1.26311788e-02 -1.19603407e-02 -9.95917097e-02 -4.93910015e-02
  4.24921177e-02 -3.10763847e-02 -3.88655923e-02 -5.32380380e-02
  1.59970121e-04 -5.17995469e-02 -5.95555715e-02  1.82243586e-02
 -7.22422078e-02 -6.99307257e-03 -5.71118034e-02  2.12735329e-02
 -5.32342717e-02  1.01361297e-01 -3.72284092e-02  5.25319651e-02
  1.00274622e-01  2.53840070e-02  2.43110117e-03 -6.23965971e-02
 -1.03743330e-01 -7.73066133e-02 -2.26384681e-02 -2.81165689e-02
  2.35643890e-02 -1.06077373e-01 -1.11019947e-01 -3.54650281e-02
  6.06840774e-02 -5.29366871e-03  3.71141843e-02  1.03835240e-02
  1.10426389e-01  1.20904163e-01 -2.89737191e-02 -7.88660049e-02
  4.05547246e-02  2.88988394e-03 -5.49173821e-03 -6.44911155e-02
 -8.78394989e-04  1.82599183e-02 -4.17069532e-02  1.91651148e-33
  7.61717558e-02 -2.50997487e-02  6.23041205e-02  2.03617327e-02
  1.42952353e-02 -8.07810873e-02 -2.07665451e-02  3.66727002e-02
 -5.07001299e-03  1.01586603e-01  3.00739799e-02  6.55483007e-02
  3.56354541e-03  8.41356590e-02  2.57677399e-04 -4.77544218e-02
  3.80167104e-02  1.65404268e-02 -5.30476086e-02  1.49537912e-02
 -1.01482168e-01 -4.69013490e-02 -3.09974980e-03 -2.28785295e-02
  1.25751961e-02 -3.83521989e-02 -3.24032269e-02  6.85257763e-02
 -3.91822904e-02 -1.31081347e-03 -3.07116075e-03  1.99162085e-02
 -2.35164538e-02 -9.16564241e-02 -9.24334209e-03  4.47682217e-02
 -4.09992784e-03  3.98268178e-02  2.90157981e-02  5.08110859e-02
 -2.62397695e-02 -6.83658943e-02 -2.81596780e-02 -9.69272852e-03
 -1.97706558e-03  2.22043674e-02 -3.63028720e-02  7.92711694e-03
 -3.30981724e-02 -1.92459021e-02 -9.93131027e-02 -6.63243793e-03
  1.29341725e-02 -7.88192749e-02  5.90336695e-02  3.46471928e-02
  2.04337090e-02 -5.51136918e-02 -7.68370405e-02  4.07570712e-02
 -5.54064773e-02 -4.50146459e-02 -7.72366822e-02  1.66348461e-02
 -1.14235682e-02 -6.94039539e-02 -4.66457792e-02  5.28324069e-03
 -9.94761810e-02 -1.43356994e-02  2.49779224e-02  1.21460361e-02
 -3.41310389e-02 -1.56854056e-02 -1.30843654e-01 -1.34195872e-02
  7.69578367e-02  1.70072652e-02 -2.60968935e-02  4.45441157e-02
 -8.27393159e-02 -1.29223600e-01  1.57393832e-02 -1.58758704e-02
 -7.31909946e-02 -3.50024700e-02 -1.12518677e-02  3.15646231e-02
  5.27471937e-02  1.86377596e-02 -5.75513206e-02 -1.67270750e-02
 -4.30312427e-03 -3.70649621e-02 -2.01709643e-02 -1.97779624e-08
 -6.28715754e-02  7.25475093e-03  3.82071473e-02  4.83482033e-02
 -6.16827309e-02  5.08855022e-02  4.27677371e-02 -4.22709323e-02
  1.91419292e-02 -3.56354453e-02  7.42993653e-02 -5.45084029e-02
 -3.46590802e-02 -6.46273568e-02  1.21593602e-01  6.06755204e-02
  1.49890348e-01  7.14835478e-03  8.47210735e-03  2.26046927e-02
  1.15372688e-02 -7.95432776e-02  2.42026225e-02  1.18429042e-01
 -2.22464725e-02  5.66434488e-02  1.16482042e-01  6.08709604e-02
 -1.81439761e-02  7.11947083e-02 -8.39498534e-05 -1.46639962e-02
 -2.02001147e-02 -3.11185978e-02  2.96542626e-02 -3.16225886e-02
  7.90658295e-02 -1.13723256e-01  3.45252529e-02 -2.77897138e-02
 -3.43816504e-02 -2.26576533e-02  2.50220392e-02  1.45791341e-02
  4.15287837e-02  1.01262338e-01  4.22402434e-02  1.42987967e-02
  4.12530005e-02  4.92158905e-02  1.57668833e-02 -2.38344036e-02
 -2.20916066e-02 -2.97714621e-02 -1.70126706e-02 -1.47089949e-02
  3.90130794e-03 -2.06375364e-02 -4.46363352e-02 -8.59425142e-02
  8.28990191e-02 -1.26720057e-04 -2.33522411e-02 -6.19062297e-02]

Sentence: The cat is sleeping.
Embedding: [ 8.88875648e-02  6.17148029e-03 -3.79650593e-02  6.67525530e-02
 -3.77780870e-02  1.27534429e-02 -9.09696668e-02  3.28047574e-02
  1.49592021e-02  4.70298678e-02 -1.52480721e-01  6.20864192e-03
  1.94164719e-02  1.88425593e-02 -2.79625431e-02  4.01237747e-03
 -9.77127030e-02  8.46011192e-02  7.27853850e-02  1.86590571e-02
  7.53445029e-02  2.98800934e-02  1.33157253e-01 -2.00018175e-02
 -2.85385555e-04  2.98592504e-02  9.27916355e-03 -3.45062017e-02
 -6.88177487e-03 -3.25820930e-02 -6.95744231e-02  4.02993634e-02
 -7.18923658e-02  1.08515155e-02  2.51614638e-02 -4.90458384e-02
  2.03229543e-02 -8.85807164e-03 -2.21516211e-02  9.19582322e-02
  1.10780178e-02  3.80660258e-02  4.18790244e-03 -2.25064028e-02
 -4.18935195e-02  1.57774556e-02  5.59655353e-02 -1.60293989e-02
  2.28616991e-03  4.95198183e-02 -3.46469730e-02  4.57424819e-02
 -8.55402797e-02 -5.13695143e-02  7.67800491e-03  1.42050418e-03
  3.67643610e-02 -1.87105164e-02  4.37422618e-02  5.96928585e-04
 -2.24602986e-02  4.12343703e-02  5.64863160e-02  4.07917649e-02
 -1.72910665e-03  7.83985946e-03 -2.21498515e-02  6.41739517e-02
 -2.43551452e-02 -1.06463162e-02 -2.21041963e-02 -7.46503994e-02
 -6.40709549e-02 -2.28941683e-02 -2.71743108e-02  1.81573201e-02
  1.92304164e-01  1.93290915e-02 -3.94696882e-03  4.26548009e-04
 -9.24307853e-03  2.24210992e-02  2.69580930e-02  8.59833788e-03
  2.16501839e-02  1.55572727e-01  7.54585788e-02  2.30178088e-02
  4.91404720e-03 -5.64463343e-03  1.28428876e-01  7.26624653e-02
 -7.85414129e-02 -5.16143534e-03 -7.87487719e-03  1.21897357e-02
  3.93043309e-02  2.72990223e-02  3.55891734e-02 -1.54130161e-03
  2.75223535e-02 -1.29931029e-02 -8.57286155e-03  5.02439169e-03
 -3.25354598e-02  3.38501148e-02  9.37984660e-02  6.15407787e-02
  9.29508265e-03  8.62354785e-03 -1.23817921e-02 -4.12120968e-02
 -5.11739366e-02  2.96640936e-02  4.47245799e-02  3.55679840e-02
  3.46896015e-02  6.41325936e-02  4.24301252e-02  3.23314145e-02
  4.31029201e-02 -4.96970862e-02  3.46960919e-03 -1.78868417e-02
 -7.54590034e-02 -2.50183158e-02 -1.15769699e-01 -1.07538837e-32
  4.04385477e-03 -4.86076549e-02 -1.15024738e-01 -1.88084096e-02
  6.02398254e-02 -4.11563524e-04 -4.32313532e-02  8.55223909e-02
 -8.03268775e-02  6.70216754e-02 -2.10982338e-02  4.62997379e-03
  6.44204486e-03 -2.85931416e-02 -1.89876799e-02  5.79811260e-03
 -1.81823652e-02  6.46678312e-03 -8.35439116e-02 -4.63959621e-03
  5.50076328e-02  1.17002465e-02  1.18245058e-01  2.21764408e-02
 -5.25056124e-02 -1.24515414e-01 -3.10763679e-02 -2.54671052e-02
 -4.64489534e-02 -2.79016867e-02 -1.30088776e-02 -1.07047232e-02
  1.55443568e-02  5.35536818e-02 -5.34711517e-02 -9.44181010e-02
 -4.88217995e-02  3.55961472e-02 -1.79477651e-02  2.02412177e-02
  3.18965353e-02  5.10322936e-02  4.63096760e-02 -4.05000933e-02
  4.79128696e-02 -3.11695375e-02  2.51189359e-02  9.06995609e-02
 -6.54096436e-03  2.52904501e-02  9.98484641e-02 -1.01229273e-01
 -5.03247418e-02  2.15150211e-02 -5.96728474e-02  1.23331789e-03
 -5.22012040e-02 -8.26118141e-02  1.42297838e-02  4.16393057e-02
  3.07638980e-02 -4.39229086e-02  3.63465585e-02 -4.87989560e-02
  6.00178838e-02 -1.87927913e-02  2.52505261e-02 -8.19107443e-02
  4.54533212e-02 -5.07355221e-02  5.85623756e-02  2.20442545e-02
 -1.30653260e-02 -2.16520801e-02 -2.20083855e-02 -2.09893398e-02
 -1.11722406e-02  2.62195058e-02 -9.09266323e-02  4.41636741e-02
  8.11189860e-02  2.93614119e-02  3.60230617e-02  6.89940853e-03
 -2.92771570e-02  1.47839906e-02  3.13083790e-02  7.34671503e-02
 -5.51330112e-02  8.20268840e-02 -8.85805488e-02  1.81517173e-02
  2.93713063e-03 -6.71045110e-02  2.52900347e-02  8.76556072e-33
 -1.09448731e-02 -9.08851773e-02 -3.47133093e-02 -3.01677752e-02
 -1.49487376e-01  5.59057631e-02  3.05547025e-02 -4.78379168e-02
 -2.86640693e-02  2.13669222e-02  4.34839875e-02  4.75488007e-02
  4.55877520e-02  3.85702774e-02  1.27297733e-02 -1.03580751e-01
 -2.48939563e-02 -4.11614552e-02  1.58315301e-02  5.92211820e-03
 -2.03099772e-02  3.86824273e-02 -1.29299805e-01  1.65613405e-02
  7.37819374e-02 -1.03490176e-02 -7.54101053e-02  9.62996334e-02
  8.75418857e-02 -1.39035583e-01  9.59894359e-02 -2.13219710e-02
  1.01761036e-02 -9.51379910e-03  3.62378396e-02 -9.60577372e-03
 -6.83451071e-02  1.34001682e-02  6.64498508e-02 -2.36940887e-02
 -1.84770226e-02  1.91032304e-03 -7.33612552e-02 -6.56392276e-02
 -2.94633638e-02 -1.41554701e-04 -1.40346624e-02  1.41321151e-02
  8.07151943e-02 -9.35416948e-03  3.82092223e-02 -9.33260545e-02
  1.39766466e-02  2.97834147e-02  2.32389010e-02  6.47201240e-02
 -2.61822585e-02 -1.16142922e-03  7.30554247e-03  4.06015385e-03
  1.47210285e-02  1.07170995e-02  5.98299690e-02 -7.76378717e-03
 -2.12767236e-02  1.08734276e-02  4.80824970e-02 -5.64733930e-02
 -7.23297568e-03 -3.91062796e-02  8.90230536e-02  4.51950431e-02
 -3.37278508e-02  2.94715911e-02 -1.75398327e-02 -5.74055500e-02
  1.06033765e-01  1.38997128e-02  7.10301986e-03 -7.42435083e-02
  6.88995346e-02 -4.67892401e-02 -4.29708399e-02  2.05419287e-02
 -1.10306637e-03 -9.23923105e-02  8.24730247e-02  3.17573659e-02
  1.44499075e-02  1.95259321e-02  1.40698412e-02 -5.16726784e-02
 -1.10887587e-02 -3.64809632e-02  2.34866478e-02 -1.75460375e-08
 -6.09352544e-04 -3.76390256e-02 -9.49663147e-02  8.65182653e-02
 -3.93122770e-02 -3.95265892e-02  3.84264402e-02 -1.10046111e-01
 -4.58028447e-03 -2.52775935e-04  7.05249235e-02 -8.74012187e-02
  2.75560040e-02 -3.25666107e-02  4.41021137e-02  4.64546271e-02
 -1.96250174e-02  5.30052483e-02  5.16698696e-02  4.15924676e-02
 -6.50318041e-02 -2.69879568e-02 -8.57805386e-02 -6.79009184e-02
  4.44410481e-02 -1.01973796e-02  2.17661299e-02  1.31947966e-03
  7.17662051e-02 -3.93223278e-02 -2.88880952e-02 -9.04467627e-02
  4.79399674e-02 -3.41967978e-02 -5.55834211e-02 -3.68925519e-02
  2.26509459e-02 -1.09321184e-01  4.51361835e-02  1.78707000e-02
  8.14470872e-02  3.41830701e-02  7.48046786e-02 -5.59797212e-02
 -2.03364044e-02  1.48287024e-02  6.76072687e-02 -2.56598499e-02
 -3.97085696e-02  6.62202686e-02  2.23285053e-03  7.61331245e-02
  3.32656968e-03 -1.52765047e-02 -2.36088652e-02  4.95495927e-03
  1.68312155e-02 -1.60978958e-02  3.06297763e-04  3.98005396e-02
  3.99230160e-02  4.02745232e-02  6.09357702e-03  2.52950261e-03]

Sentence: The dog is playing.
Embedding: [ 3.20559517e-02 -5.53830341e-02  4.38955016e-02  3.16760913e-02
 -6.71142116e-02  5.37955016e-02  1.93106104e-02  9.19566897e-04
  2.83763316e-02  8.40026885e-02 -3.97010893e-02 -9.77462064e-03
 -1.25215165e-02  4.33502421e-02  3.72051410e-02  8.73415917e-03
  1.74733356e-03  6.31876476e-03  6.89378232e-02 -1.11366317e-01
 -3.06380913e-02 -9.08035610e-04  2.41849124e-02 -3.59611399e-02
 -1.01732701e-01  6.80314703e-03  3.90809551e-02 -2.23588143e-02
 -1.27456412e-02 -9.35971066e-02 -7.35684298e-03 -1.32476520e-02
 -3.60240489e-02  4.13774326e-02 -7.76200220e-02 -3.82320397e-02
  1.08471680e-02 -3.60403918e-02  9.08220187e-02  3.47822383e-02
  5.49306236e-02  2.52732597e-02  4.70611304e-02 -3.15522365e-02
 -5.14796674e-02  7.13621676e-02 -1.02155030e-01 -5.86949103e-02
  3.63744870e-02 -4.79846150e-02 -3.03041041e-02  3.44949961e-02
  2.73588970e-02  1.15358839e-02 -3.43107134e-02 -4.61106841e-03
  5.22767287e-03  5.84534369e-02 -1.54947641e-03 -4.35444973e-02
 -2.66157230e-03  3.51781994e-02  6.00438491e-02  4.65403534e-02
 -1.36169791e-03 -8.20117071e-02 -2.04572808e-02 -4.82728966e-02
 -5.50645739e-02  3.40982620e-03  8.01944807e-02 -1.30300922e-02
  5.22905998e-02 -2.30780095e-02  2.20280699e-03 -4.21283580e-02
  4.07474786e-02 -1.49561698e-03  8.50548297e-02  6.62888959e-02
  1.32975318e-02  3.31001617e-02 -7.39805326e-02  1.80497505e-02
  4.62989062e-02  1.61064118e-02  2.64718775e-02  8.48103501e-03
 -9.70290788e-03 -4.33152653e-02 -4.95321788e-02 -2.12123320e-02
 -2.59627160e-02  2.30576061e-02 -1.40464101e-02  7.50824052e-04
 -1.82471015e-02 -1.01365581e-01  1.03195466e-03  1.29476069e-02
 -2.55389847e-02  2.38308311e-03  2.23104320e-02  1.27329528e-02
  4.38830964e-02  2.60215122e-02 -1.64029244e-02  1.16775826e-01
  4.56398539e-02  2.05021575e-02 -4.61900979e-02 -4.90856823e-04
 -2.02992782e-02  1.48051456e-02  5.84937586e-03  4.33132686e-02
 -9.89608988e-02 -5.21692224e-02 -4.34783772e-02 -3.03399824e-02
  9.54055488e-02 -1.50580634e-03 -8.18843022e-02  2.42147055e-02
 -1.53047014e-02  1.06908176e-02  4.08527181e-02 -1.24574689e-32
  8.13138857e-03 -1.02997139e-01 -6.20834567e-02 -1.12746648e-01
 -5.89929288e-03 -4.46167663e-02  4.52063046e-02 -9.27500147e-03
 -1.04107946e-01  3.29322019e-03 -5.78163366e-04  3.12841795e-02
  4.14345134e-03  1.69806127e-02  6.83728755e-02 -2.48374250e-02
  2.11705524e-03  2.81581301e-02  9.09184888e-02 -7.97836296e-03
 -1.56066371e-02  1.98257505e-03  3.64659401e-03 -2.89322492e-02
 -1.00334976e-02  2.74335369e-02 -2.74314117e-02 -8.54709893e-02
 -4.89202030e-02 -1.38026467e-02  4.76360396e-02 -7.89452046e-02
 -3.55163515e-02  4.59484989e-03 -1.93123147e-02 -9.83499922e-03
 -6.05242252e-02 -6.21905103e-02 -1.11552756e-02  4.60933410e-02
  1.14272535e-01 -6.08642176e-02 -9.91073251e-03  1.69483032e-02
 -3.95602882e-02 -6.06621392e-02 -3.53339836e-02 -8.37854762e-03
 -7.18462616e-02 -2.28332039e-02  6.70505315e-02  2.18080766e-02
  1.10208012e-01 -3.89464796e-02  2.40203645e-02  1.16000874e-02
  4.57863361e-02 -5.14052399e-02  3.77062126e-03  6.58126250e-02
  1.32038519e-01 -5.20307645e-02 -1.06772138e-02  1.45649714e-02
  1.04826733e-01 -3.84970754e-02 -6.21080734e-02 -4.00786810e-02
 -8.44592042e-03  3.77192944e-02  4.87509221e-02 -3.19741517e-02
  6.94879293e-02 -7.66712576e-02  5.49206436e-02 -6.15232717e-03
  5.20523004e-02 -2.01464295e-02  6.81951866e-02 -1.10384412e-01
  2.20705811e-02  4.60543763e-03 -7.19645107e-03  1.40949953e-02
 -5.61390407e-02  2.03415956e-02  2.03236844e-02 -7.28090247e-03
 -1.82453096e-02  1.37014147e-02 -3.57950740e-02 -9.10964832e-02
 -4.18713167e-02  9.85283963e-03  1.12287566e-01  7.36986616e-33
  1.53958546e-02  1.09920288e-02 -2.41797119e-02 -1.16902302e-05
 -3.91560942e-02  3.76841649e-02 -4.85381819e-02  7.32751042e-02
 -4.13794927e-02  4.90549505e-02 -1.70361549e-02  4.91938852e-02
  2.98669115e-02  9.58777848e-04  1.37674797e-04  7.37126917e-02
 -5.59259653e-02  2.75364928e-02  6.53245375e-02 -6.83786795e-02
 -1.45260617e-01  6.97976202e-02  1.05342761e-01  7.62635749e-03
 -4.34929132e-03  2.89487280e-02  8.36122129e-03 -8.55755340e-03
 -8.70721973e-03 -2.74839513e-02 -2.05238909e-02  2.35755537e-02
  3.85443270e-02 -3.17535773e-02 -2.45633293e-02  9.06773284e-03
  7.33345821e-02 -9.32864398e-02  2.30790395e-02 -2.91338451e-02
  2.83382554e-02 -5.56349941e-03 -5.55174649e-02  2.92671658e-02
  5.12789525e-02  7.65775591e-02  4.42975014e-02  2.69452878e-03
  6.67282566e-02  4.23867255e-02  2.62221452e-02 -3.11297830e-02
  4.19249535e-02 -7.50773177e-02  5.71650043e-02  4.95364256e-02
 -6.51030913e-02  4.28572111e-02  8.92778859e-03  5.13082836e-04
  5.47829308e-02  1.27302453e-01 -2.60045665e-04  2.38509886e-02
 -4.50048894e-02 -3.90776955e-02 -2.68593971e-02 -7.41722509e-02
  7.47205317e-02 -8.64850655e-02 -7.81707168e-02  8.95276815e-02
 -8.00716132e-03 -5.31881675e-02 -1.28423125e-02  8.27938914e-02
 -1.55623574e-02  1.47555973e-02  3.00121009e-02  7.97134340e-02
 -4.90775146e-02 -1.14980415e-02 -3.89734544e-02 -6.14041463e-03
 -1.08944774e-02 -7.96322711e-03 -2.00622175e-02  3.21143605e-02
 -2.65386496e-02  7.48873642e-03  8.00617971e-03  6.99088573e-02
  1.08010061e-02 -3.29940673e-03  1.95002444e-02 -1.75183725e-08
 -6.57917038e-02  1.68893896e-02 -4.92869541e-02  1.36107551e-02
  3.38319764e-02  8.59137177e-02 -1.87694132e-02 -1.35149747e-01
 -9.18617705e-04 -4.74394895e-02  6.31637648e-02 -1.21743932e-01
 -4.36369739e-02  1.18593583e-02  1.03638712e-02  2.39484590e-02
 -2.77273152e-02  8.66299048e-02  5.87155037e-02  1.71533704e-01
  2.47412338e-03  1.26430318e-02  6.14471175e-02 -7.26637989e-02
 -1.15568936e-01 -3.26468423e-02  1.93150323e-02  5.08545572e-03
 -7.33417943e-02  1.37872603e-02 -4.01463136e-02  5.94808869e-02
  6.03956403e-03  2.54055462e-03 -1.78120155e-02 -4.67695408e-02
  4.44734842e-02 -4.32308353e-02 -3.55682597e-02  5.95246293e-02
  6.61526397e-02  1.71033457e-01 -8.77358541e-02 -6.10352233e-02
 -4.84292908e-03  6.30560592e-02  2.59691209e-04 -1.29586667e-01
  1.50333717e-02 -1.81167517e-02 -1.27510265e-01 -1.46090547e-02
 -3.51110958e-02 -1.67848486e-02  3.37797888e-02  5.68978526e-02
 -4.09537107e-02 -6.57396764e-02 -1.27798936e-03  3.15659121e-02
 -2.55086608e-02  7.03998879e-02  5.86071499e-02  8.55621696e-02]

Sentence: I like tea.
Embedding: [-7.53653869e-02 -4.39426117e-02  2.69715562e-02  1.59164965e-02
  1.14313909e-03  2.84891110e-02  1.44687518e-01 -9.23781190e-03
 -1.46204717e-02  3.56545895e-02 -5.12528755e-02 -2.31098738e-02
 -1.11823874e-02  1.48567148e-02  5.04253991e-02 -9.76253022e-03
  1.55981565e-02 -2.42232066e-02 -6.35382533e-03 -1.60820298e-02
 -1.15375876e-01  4.84245382e-02  1.10475726e-01 -1.39195146e-02
  4.38790545e-02  7.53160641e-02  7.13871196e-02 -2.68593132e-02
 -5.81908226e-02 -9.88078211e-03 -1.81619674e-02  6.13298267e-02
 -9.92900208e-02 -5.46496361e-03 -1.25382408e-01  3.56872492e-02
  3.25588062e-02 -7.87355602e-02  3.03303171e-02 -3.30865234e-02
  4.78490314e-04  5.50380675e-03  5.54975420e-02 -2.65689939e-03
 -3.97297405e-02  1.81052051e-02  2.88257357e-02 -1.33044198e-02
  9.64277461e-02  3.48365344e-02  2.04884280e-02 -1.22177247e-02
 -5.30861653e-02  2.14700196e-02  5.86260334e-02 -7.55201578e-02
 -1.71723217e-02  2.13972759e-02 -8.19524191e-03  9.06572305e-03
 -4.79639061e-02  7.19978800e-03 -1.46015342e-02  7.89884552e-02
  1.33361211e-02  1.84599776e-02 -9.07218233e-02  8.11090395e-02
  1.89140737e-02  2.11782474e-02 -3.94574851e-02  5.60244396e-02
  1.47848325e-02  2.18745824e-02 -6.99317977e-02 -1.09005487e-02
  3.81842628e-02  1.58253703e-02 -5.53156957e-02  6.57983571e-02
 -4.64098155e-03  9.87749826e-03 -2.53532976e-02  1.27903700e-01
 -3.08353314e-03 -3.11344601e-02  3.90864275e-02 -6.31588930e-03
 -3.95106189e-02 -4.78323214e-02  1.18202660e-02  6.98227212e-02
 -5.22111505e-02  1.08484827e-01 -7.18540475e-02  3.61679606e-02
  6.15831614e-02  7.18835555e-03 -3.86997089e-02  6.84582517e-02
 -2.85945125e-02  4.37989086e-02 -5.63751906e-02  5.82544208e-02
 -1.23106679e-02 -2.30498966e-02 -1.29746333e-01 -4.36312370e-02
  6.45349845e-02 -7.84772635e-02 -4.54854257e-02  2.02149302e-02
 -7.35323727e-02  1.00396434e-02 -5.72165698e-02  2.62853969e-02
  2.89432164e-02  2.35908385e-03 -9.56825167e-03  2.71654893e-02
 -4.35515270e-02 -1.11677349e-02  4.89616254e-03 -9.71908029e-03
 -3.89687903e-02 -4.76987846e-02  7.87962750e-02 -7.82723411e-33
 -6.60858601e-02 -1.80965662e-02  9.19264928e-02  3.76744755e-02
  9.33899358e-02  2.64240708e-02  2.80882306e-02  4.28244285e-03
 -4.26642299e-02 -1.97311467e-03 -1.76507246e-03 -6.32922107e-04
 -6.95785061e-02 -1.59159098e-02  3.95944491e-02 -5.09085022e-02
 -1.73258353e-02  4.92115170e-02 -3.95715237e-02 -3.70161198e-02
 -1.86780486e-02  2.01917775e-02  1.50766801e-02  6.07572310e-02
 -4.94127497e-02 -1.10874057e-01  9.26824212e-02  8.28869548e-03
  2.63013747e-02  2.83536967e-02  6.72542825e-02 -1.27354413e-02
  4.51981183e-03  4.83512692e-03 -6.57565296e-02 -9.25343707e-02
 -1.72766875e-02 -6.73272414e-03  3.91147733e-02  1.18928723e-01
 -5.47079556e-02  4.70124856e-02 -1.40459239e-02  7.19422922e-02
 -9.61507019e-03  1.51844807e-02  1.18493820e-02  1.76857300e-02
 -2.01584529e-02  1.56317893e-02 -2.67446451e-02 -1.87726337e-02
  5.58207110e-02  1.12058558e-01 -1.84634402e-02 -7.10301548e-02
 -2.23489404e-02  7.30062500e-02  6.51229620e-02  1.08891549e-02
 -7.58043900e-02 -3.98881845e-02  2.57969424e-02 -5.77550121e-02
 -5.02215847e-02  1.39043145e-02 -8.21105614e-02 -2.11806614e-02
  6.84466884e-02 -4.99776751e-02 -3.49095576e-02  3.14797387e-02
  1.40989642e-03 -1.37724122e-03 -2.77669332e-03 -5.25820181e-02
  8.40274021e-02  1.76433250e-02  5.58506474e-02 -3.16199958e-02
  3.90873756e-03 -5.35531193e-02  2.47893352e-02  1.16415778e-02
  3.42215076e-02 -2.50129597e-05 -1.16892681e-01 -4.37262319e-02
  9.35032498e-03 -3.35224383e-02 -5.60779087e-02 -1.03010722e-02
  4.09116112e-02 -2.70736124e-03 -7.75327981e-02  7.83229315e-33
  6.06993176e-02 -8.24681073e-02 -4.89199162e-02  6.08178899e-02
 -6.14961274e-02 -1.01083368e-01  2.41057184e-02 -5.90004958e-03
  4.40334268e-02  1.07484840e-01  4.11371179e-02 -1.47691825e-02
  3.47295823e-03  1.17435791e-01 -4.55966173e-03  2.62237452e-02
  7.51530081e-02  6.77857324e-02 -2.66474560e-02  4.55788411e-02
  5.27789220e-02  3.75908986e-02 -3.74253243e-02 -2.12682355e-02
  5.69019355e-02  4.02388014e-02 -4.09842320e-02  7.19689345e-03
 -4.57892939e-02  6.65223151e-02  5.84691688e-02 -4.26350236e-02
 -6.59145713e-02 -9.49981436e-02  3.31926830e-02  8.74269754e-03
  4.59339703e-03 -8.03019926e-02 -7.21476926e-03  9.12672952e-02
  2.61188876e-02 -4.60594334e-03  4.31825630e-02  4.41767685e-02
  5.81603944e-02 -6.53039571e-03 -1.33953271e-02  4.00107168e-02
 -2.99463030e-02  1.03927761e-01  2.21075639e-02 -1.59722697e-02
 -1.65299028e-02 -4.44154218e-02  2.19360013e-02 -1.96062718e-02
 -3.78399789e-02 -4.19498235e-02 -8.74360725e-02 -5.27216233e-02
 -4.06495146e-02  1.00735635e-01  1.43396985e-02  2.14790534e-02
 -1.47633441e-02  6.52208701e-02 -7.33887181e-02 -8.05953443e-02
  1.26442779e-02 -1.88601408e-02 -1.44187259e-02 -1.37013614e-01
 -1.57251500e-03 -1.71945319e-02  1.94223952e-02  5.64186787e-03
 -1.47859519e-02  1.01251535e-01 -4.82511669e-02  7.41946930e-03
 -3.49676870e-02  5.30901067e-02 -3.14621888e-02 -1.62327271e-02
  4.16530594e-02  1.39536560e-02  9.73879301e-04 -2.61463728e-02
 -2.39335988e-02  2.18634494e-02  5.43793999e-02 -5.09907156e-02
 -5.12770601e-02  2.26376709e-02  8.87356326e-02 -1.57016444e-08
 -1.01094723e-01 -2.81573124e-02  7.49096721e-02  1.19213611e-01
  1.76682454e-02  2.31855619e-03 -9.38632786e-02  2.35453807e-02
  3.82657535e-02 -7.29561448e-02  8.84109810e-02  7.07506910e-02
 -2.24674996e-02  3.89391324e-03  9.32772905e-02 -4.57261736e-03
  6.03837669e-02 -7.15455636e-02 -5.16509116e-02  1.03214860e-01
 -3.10145896e-02  3.75258038e-03  3.36105265e-02  5.52960299e-02
  4.12466610e-03  5.62762283e-03  3.13914269e-02 -1.13253072e-02
  2.27861926e-02 -9.30273253e-03  1.69930998e-02  5.63751087e-02
 -6.41944185e-02  1.06131576e-01  1.72899105e-03 -8.67635012e-02
  3.24674733e-02 -2.21136361e-02 -2.99641471e-02 -4.34415787e-02
 -4.10982408e-02 -1.38627579e-02 -2.39387737e-03 -6.66337237e-02
 -4.16802987e-02  9.44332685e-03  4.17840434e-03 -3.46744526e-03
 -8.94655008e-03  8.63158330e-03  1.14302494e-01  4.66462709e-02
  6.01729490e-02  6.22459948e-02  7.63088241e-02  2.30759736e-02
 -7.84398988e-03  2.70520095e-02 -4.72611450e-02 -7.05665275e-02
  7.65442401e-02  1.02497399e-01  4.53205518e-02 -5.21483868e-02]

Sentence: I enjoy drinking tea.
Embedding: [-3.54349278e-02 -7.42758662e-02  2.71957312e-02  4.24327329e-02
  2.82705836e-02  1.65226124e-02  1.52223051e-01 -3.37639973e-02
 -1.56890638e-02  4.79705371e-02 -6.88246414e-02 -4.56659906e-02
 -1.36242788e-02  5.72016090e-02  4.37539555e-02 -4.38613854e-02
 -1.85602028e-02 -1.52545469e-02  1.40945958e-02 -2.38035005e-02
 -8.38798955e-02  6.02879301e-02  9.25813988e-02 -2.94998917e-03
  7.24407881e-02  7.85194263e-02  5.60045503e-02 -1.17547223e-02
 -9.97563452e-03  5.29774174e-04 -1.76246576e-02  5.36615737e-02
 -5.46467118e-02 -1.61731318e-02 -1.21159971e-01  2.75628921e-02
  7.34865367e-02 -7.03857616e-02  5.43437116e-02 -2.01593656e-02
  2.46009286e-02  6.56410493e-03  6.61778003e-02  3.95858847e-03
  6.09219167e-03  4.52636257e-02  9.79668228e-04 -2.82529425e-02
  6.22534305e-02  1.43548427e-02 -3.22040892e-03  3.16119306e-02
 -5.62871508e-02  5.18066064e-02  5.69867194e-02 -5.44691905e-02
  6.16298849e-03 -1.51844583e-02 -2.18467191e-02  6.00979151e-03
 -4.73544374e-02  4.62895230e-04 -1.91297848e-02  6.69548288e-02
  6.57809433e-03  1.73329487e-02 -8.76739025e-02  8.12710077e-02
 -1.18895830e-03  1.47468746e-02 -7.78890923e-02  3.65373529e-02
  2.93275192e-02  2.24264469e-02 -3.87739465e-02 -2.19254382e-02
  3.72965634e-02  6.05503563e-03 -5.61093576e-02  7.63091370e-02
  1.94406435e-02  3.98816541e-02  1.01500368e-02  1.02984175e-01
 -4.24688011e-02 -5.41845560e-02  5.93419708e-02 -2.70695169e-03
 -1.46901021e-02 -2.58347467e-02 -1.23903528e-02  4.07239683e-02
 -5.78870066e-02  4.61329632e-02 -4.65806425e-02  2.69979369e-02
  4.90060225e-02  3.13080736e-02 -3.50320637e-02  5.09502739e-02
 -3.45837139e-02  4.09498326e-02 -2.97829695e-02  4.73852567e-02
 -4.02997918e-02 -5.46676805e-03 -1.55260071e-01  1.81622952e-02
  1.21342167e-01 -8.01493973e-02 -2.60502994e-02  3.42215486e-02
 -5.68654053e-02  4.23307680e-02 -3.79450656e-02  4.99450937e-02
  8.37009493e-03  2.25965865e-02 -1.40570700e-02  2.37332229e-02
 -5.51987775e-02  1.30516021e-02  5.64518012e-03 -3.18818763e-02
 -3.33944373e-02 -4.14017141e-02  5.68626598e-02 -5.68928466e-33
 -5.45783155e-02 -6.77760616e-02  9.06772986e-02  5.55041246e-02
  4.94456962e-02 -1.48449850e-03  1.27577148e-02 -1.58890034e-03
 -1.77328791e-02 -1.02086943e-02  3.60801537e-03 -9.05256532e-03
 -8.90754536e-02 -2.42521707e-02  6.83914497e-03 -4.54122573e-02
 -4.62112501e-02  1.04547031e-01 -3.99770848e-02  1.40648372e-02
  1.90829467e-02 -5.22650816e-02  3.70949693e-02  7.10315183e-02
 -7.16326013e-02 -7.53202811e-02  9.37904269e-02 -1.03910817e-02
  3.12951356e-02  3.72552425e-02  3.61874364e-02 -1.18732406e-03
 -6.25087619e-02  2.28428114e-02 -7.98702538e-02 -7.50879347e-02
 -3.15392949e-02  2.41968110e-02  5.12981303e-02  9.37721059e-02
  1.41914212e-03  2.71853320e-02  5.08028828e-03  7.13994503e-02
 -4.42590341e-02 -6.28745835e-03  1.09914562e-03  1.06419856e-03
 -4.29914892e-02 -4.67730453e-03 -6.42676204e-02 -8.72428250e-03
  6.82871714e-02  9.74003449e-02 -3.27396370e-03 -9.15002152e-02
 -3.12898569e-02  4.95072268e-02  3.26669030e-02  2.22092438e-02
 -7.74549097e-02 -2.46908758e-02 -2.87342779e-02 -4.85620312e-02
 -3.48521397e-02  5.03639430e-02 -2.11823955e-02 -4.04518582e-02
  3.46874744e-02 -6.28000796e-02 -5.07271290e-03  1.81145687e-02
  2.03922372e-02 -3.62301879e-02  4.08144183e-02 -4.73840646e-02
  7.99724013e-02 -1.56456847e-02  6.02553450e-02  1.48081838e-03
  1.83549002e-02 -4.63365465e-02  1.08598974e-02  1.84994247e-02
  3.66073288e-02 -2.35015862e-02 -7.29853436e-02 -1.04217462e-01
  5.17079048e-02 -2.30818577e-02 -4.51939367e-02 -2.73323804e-02
  2.53862925e-02 -3.64629761e-03 -7.74766803e-02  6.42957794e-33
  1.08362585e-01 -9.99865830e-02 -5.44276461e-02  1.76136903e-02
 -7.66047984e-02 -9.62005779e-02  2.89938990e-02 -3.02981511e-02
  2.76028998e-02  1.23645499e-01  4.64969240e-02  2.96980739e-02
 -1.68601051e-02  1.01923957e-01 -3.09864036e-03 -1.77969281e-02
  5.48288561e-02  6.97814673e-02 -2.44414918e-02  6.27897456e-02
  1.39668407e-02  3.92186083e-02  6.11345191e-03 -5.64449094e-02
  5.58687672e-02  3.34564559e-02  6.25451514e-03  5.48689347e-03
  1.79100200e-04  5.93540408e-02  3.97675112e-02  2.51145940e-02
 -7.00996146e-02 -9.41612795e-02  3.96233387e-02 -6.20278297e-03
  4.10292745e-02 -7.24895969e-02  2.75657978e-02  6.79964647e-02
  4.46287729e-02  4.26873453e-02  7.05754757e-02  1.66968536e-02
  8.60185623e-02 -3.34422849e-02 -3.70711740e-03  1.32831009e-02
 -6.23480976e-02  7.93424770e-02  2.07608026e-02 -6.53953059e-03
 -1.41015686e-02 -9.36761200e-02  7.04520382e-03 -3.81169580e-02
 -1.35916499e-02 -5.41691966e-02 -3.55982855e-02 -6.34252876e-02
 -4.55378033e-02  1.22294463e-01 -1.04853008e-02 -5.74736018e-03
 -6.53159525e-03  3.32464203e-02 -5.94716296e-02 -4.52265441e-02
  1.97315160e-02 -2.67104395e-02 -2.58543845e-02 -1.38280198e-01
 -5.27692027e-02 -3.68422344e-02  4.30558585e-02 -2.47284235e-03
 -2.96848807e-02  9.57600623e-02 -1.00229038e-02  4.00705151e-02
 -3.79896760e-02  1.05466336e-01  9.95850377e-03 -5.87950014e-02
 -7.11981161e-03 -2.52834000e-02  2.65935604e-02 -1.47307022e-02
 -2.46249624e-02  5.55445952e-03  2.15718783e-02 -6.60374463e-02
 -7.83008188e-02  7.77148642e-03  1.06268466e-01 -1.48766715e-08
 -8.57450143e-02 -3.63475233e-02  1.22865885e-02  9.63326246e-02
  8.34474061e-03 -7.45028118e-03 -5.44368699e-02  2.23427955e-02
  3.65645997e-02 -7.40271211e-02  1.23393975e-01  1.17417751e-02
  3.43648605e-02 -3.29473205e-02  1.11735106e-01  3.35828681e-03
  9.81632695e-02 -9.03313793e-03 -4.69444692e-02  6.29314184e-02
  1.95629969e-02 -1.94897270e-03  3.28586102e-02  5.93692027e-02
 -3.39829512e-02  4.25553089e-03  3.69446389e-02 -2.64243223e-02
  3.15741897e-02 -3.56008559e-02  2.25104485e-02  7.55615756e-02
 -7.16466084e-02  9.12320018e-02  7.22581171e-04 -1.26029596e-01
  2.90685911e-02 -2.83315033e-02 -1.41180109e-03 -2.83254143e-02
 -5.96348271e-02 -6.93627223e-02 -2.43272912e-02 -1.51094915e-02
 -4.91980575e-02  3.75791229e-02 -3.12597794e-03  3.83431315e-02
  6.04066672e-03  2.21470539e-02  8.54094923e-02  2.56921612e-02
  1.11781687e-01  6.44788519e-02  3.15786302e-02  3.51748317e-02
 -1.39148561e-02 -2.68420181e-03 -5.95720150e-02 -6.78993687e-02
  8.11365917e-02  8.63993391e-02  9.56637040e-03 -8.15792680e-02]

--- Semantic Similarity ---

Sentence 1: I like apples.
Sentence 2: I love eating apples.
Similarity: 0.8385

Sentence 1: I like apples.
Sentence 2: I like tea.
Similarity: 0.5400

Sentence 1: I like tea.
Sentence 2: I enjoy drinking tea.
Similarity: 0.8725